963
637
85
163
860
630
727
712
647
916
906
356
362
789
675
141
709
489
33
657
327
926
401
968
938
308
452
598
860
953
264
471
4
57
149
695
350
390
276
407
515
255
348
637
28
726
589
714
751
270
862
201
945
823
370
884
706
777
708
515
743
935
248
753
735
192
773
809
253
230
426
861
718
52
515
771
302
634
876
720
147
472
625
54
939
144
937
932
581
141
363
22
395
2
653
371
618
427
179
225
76
353
146
183
403
957
422
227
673
182
670
813
297
553
459
517
846
552
357
757
55
753
835
224
214
492
346
764
250
791
663
213
490
73
752
300
198
699
575
366
766
610
919
976
934
469
863
363
915
75
627
331
16
520
674
370
784
267
113
50
675
686
56
527
919
645
787
499
841
957
230
216
76
773
207
823
907
355
19
890
913
388
630
214
962
567
266
274
104
417
147
544
631
371
347
667
164
230
910
658
992
406
332
970
285
232
486
322
317
57
998
213
112
176
921
413
373
938
75
342
626
630
340
796
930
375
127
872
636
99
108
881
703
895
975
453
924
816
197
780
407
278
71
920
77
524
518
792
632
872
987
383
623
118
18
322
870
519
411
46
424
944
346
64
362
715
472
817
449
78
714
405
891
91
405
677
613
206
865
732
289
956
255
933
880
133
816
834
546
527
894
775
298
229
783
608
277
647
366
964
581
743
884
625
165
372
823
35
692
967
631
436
185
429
776
697
707
539
619
969
329
219
380
895
232
549
461
868
561
228
873
246
274
116
628
39
631
279
661
700
112
899
447
606
608
111
379
964
684
696
712
635
681
388
421
425
361
198
301
327
249
512
691
758
271
957
630
949
61
973
367
806
904
237
571
381
228
340
27
894
304
238
426
333
418
234
925
926
299
689
911
509
772
564
117
202
383
857
391
458
713
522
364
564
106
970
588
508
520
728
34
127
961
354
290
476
232
804
300
6
171
135
795
251
165
449
924
11
401
239
160
195
514
281
124
401
39
747
754
801
705
945
299
799
809
394
485
357
724
133
150
762
494
693
482
47
753
571
981
853
782
34
723
388
98
124
286
305
747
819
124
810
137
532
393
660
862
586
40
317
446
954
817
166
230
280
935
511
743
190
321
742
752
931
353
239
962
909
924
616
305
331
130
227
650
557
579
526
548
280
964
712
132
573
842
252
691
981
648
86
465
243
195
402
682
122
262
319
366
494
622
955
287
543
345
957
601
452
773
676
969
423
539
911
699
263
479
41
354
860
619
295
461
71
727
282
329
83
405
4
424
25
397
461
913
989
288
160
292
167
842
154
355
808
925
349
436
269
113
253
974
807
228
708
621
262
206
696
567
464
288
671
299
805
738
160
497
935
603
351
578
20
221
133
762
372
899
92
952
786
350
433
812
475
389
914
788
440
567
638
221
159
942
158
256
332
946
871
850
650
942
54
796
187
423
897
129
353
315
212
664
168
582
733
695
780
983
73
111
551
9
204
442
115
801
69
881
626
444
532
28
76
762
913
750
371
187
88
465
533
751
874
846
845
555
319
298
925
199
814
528
978
515
913
177
818
289
152
696
792
68
518
963
783
422
391
727
470
4
210
968
706
623
560
306
434
314
239
261
9
282
412
639
571
194
97
249
961
163
771
107
182
434
270
623
429
118
338
655
8
685
570
898
61
630
480
403
312
646
466
342
877
742
195
956
130
426
603
349
787
776
222
24
438
173
746
821
472
900
171
589
801
81
566
725
365
918
693
876
262
789
61
902
779
68
594
810
46
444
371
54
892
909
936
55
140
995
737
18
784
672
687
840
828
577
805
571
902
998
610
700
914
89
867
767
828
62
930
67
430
69
597
630
562
572
467
985
377
90
172
439
551
936
895
691
16
715
361
605
354
252
197
781
157
334
82
93
933
835
362
339
984
303
671
866
94
396
197
429
590
46
572
965
270
796
180
848
946
620
751
899
511
910
943
693
301
269
171
325
133
218
593
597
733
274
99
325
721
688
886
954
958
446
861
511
105
325
434
530
746
687
858
3
135
703
979
773
502
471
21
263
816
824
627
45
649
645
124
237
306
823
710
487
842
811
763
533
386
406
721
989
54
660
322
234
904
896
457
543
494
603
900
291
474
169
664
201
3
500
621
24
256
23
493
388
803
326
296
275
831
572
986
994
335
375
822
407
807
904
804
981
79
866
346
979
640
403
317
834
411
6
307
733
893
822
281
329
306
711
761
775
490
31
988
467
23
225
11
976
799
558
556
934
649
997
184
297
640
744
801
