302
329
335
868
683
19
114
13
979
224
744
830
519
735
323
301
712
24
59
910
317
668
591
675
787
995
790
171
250
590
807
615
668
869
618
250
820
163
809
584
240
684
515
545
506
88
142
514
318
236
388
390
494
112
582
666
776
130
197
933
24
992
857
940
254
369
550
519
563
276
492
956
494
447
459
79
874
398
109
288
895
577
528
10
216
429
569
947
305
466
994
624
136
945
3
515
231
3
551
757
154
522
93
367
731
548
227
290
256
84
579
405
176
209
224
466
845
227
226
950
467
177
185
770
335
260
855
345
420
313
248
633
520
905
571
348
956
18
826
201
319
626
858
53
898
837
692
212
804
645
813
982
501
333
982
754
1
262
567
371
701
180
18
924
885
163
363
653
445
192
707
169
97
400
447
168
513
353
765
155
335
169
826
180
501
442
861
145
209
510
462
393
497
654
387
10
100
207
252
575
287
431
277
775
551
165
918
917
316
978
217
692
882
752
784
302
494
764
511
723
80
629
911
603
522
468
554
958
608
104
850
55
323
878
717
626
499
592
929
959
547
956
410
163
871
891
293
439
591
784
674
780
546
129
679
256
47
22
41
389
888
849
140
939
896
604
188
81
372
600
203
857
513
907
754
968
432
896
827
877
887
606
185
81
160
192
29
975
368
777
781
265
820
921
646
546
619
952
353
642
723
920
731
58
623
648
961
584
852
637
730
349
929
545
957
884
119
982
720
593
313
344
441
687
926
301
414
62
514
93
648
300
617
104
882
933
781
358
268
386
274
384
144
117
706
101
534
540
207
728
471
719
322
773
613
239
78
547
954
224
303
546
397
925
907
861
666
101
270
496
532
113
724
716
637
934
43
738
616
137
323
214
662
676
657
481
802
815
647
524
57
174
699
679
419
727
221
603
463
926
276
310
83
445
771
497
53
541
619
795
665
904
791
507
243
67
648
2
656
339
625
404
209
829
959
873
720
595
187
123
839
746
40
438
853
497
8
989
309
98
66
288
6
400
461
69
588
47
921
925
866
979
40
720
719
392
839
216
144
817
792
256
142
868
442
825
915
918
764
558
456
677
584
768
411
749
595
462
325
628
939
865
37
464
483
761
736
258
660
7
886
975
714
891
823
191
475
694
417
107
36
847
879
428
123
91
288
259
497
245
681
298
823
727
9
80
135
630
581
997
601
672
228
383
802
588
402
523
121
83
713
454
974
886
801
495
267
718
865
416
786
82
321
573
463
354
512
127
366
533
890
910
641
68
632
646
529
577
362
897
519
78
706
575
842
983
691
776
345
282
643
440
885
124
786
267
210
386
335
220
334
86
539
689
427
290
453
266
911
296
236
163
762
258
166
437
564
32
272
524
28
239
645
232
260
685
63
753
99
669
228
287
294
788
416
672
809
548
283
769
437
99
431
364
258
870
615
994
861
35
849
946
21
609
642
34
219
792
193
256
231
822
262
372
621
667
293
48
396
725
211
339
608
501
302
223
191
98
600
938
220
48
810
842
448
565
94
867
226
513
66
500
65
940
258
751
477
44
215
447
278
305
925
800
444
433
542
493
705
671
610
229
4
529
681
70
805
897
391
74
339
386
965
770
846
676
301
219
643
504
530
887
904
161
531
871
389
207
50
362
192
399
296
598
784
710
853
671
963
489
760
959
423
251
932
730
366
294
330
474
31
237
643
85
324
416
99
203
188
286
190
232
693
715
183
229
738
172
546
336
96
103
963
699
463
696
33
391
190
831
158
3
66
415
392
588
698
179
100
319
129
919
278
769
575
212
671
741
357
858
556
187
170
854
430
780
939
641
940
195
635
50
298
252
737
797
905
188
961
118
989
437
871
262
482
626
542
741
333
362
720
790
638
446
503
995
452
923
69
608
911
641
582
826
927
394
923
432
920
385
764
798
120
984
313
718
971
272
259
405
210
11
21
461
647
548
830
773
700
222
704
759
628
534
642
158
173
116
475
359
610
262
895
71
349
621
542
980
300
179
403
937
110
846
218
231
167
978
899
481
136
410
507
348
128
150
973
386
83
236
341
243
244
476
54
782
362
291
869
891
580
966
299
24
890
518
146
82
957
455
845
141
194
503
966
589
939
95
654
938
951
964
489
107
366
304
300
697
680
292
191
516
436
272
519
191
96
723
393
60
674
740
2
70
389
273
772
929
347
531
231
203
235
147
843
786
555
11
274
80
179
539
56
687
284
338
350
914
500
985
758
908
207
836
750
332
797
863
522
382
543
697
646
515
428
507
759
629
744
756
