861
463
662
333
577
373
614
115
787
759
309
879
28
979
329
446
691
458
20
850
456
205
923
66
314
113
640
510
671
926
654
820
250
308
805
312
813
729
786
52
46
736
266
337
93
6
390
434
599
266
745
492
193
457
680
679
652
269
550
434
961
346
721
656
516
128
928
158
446
347
279
293
695
151
480
956
384
228
89
558
59
597
198
248
733
369
439
435
82
527
268
229
103
600
57
762
182
108
674
424
178
452
871
628
8
624
225
121
356
356
221
345
874
769
797
371
137
37
805
704
112
102
177
428
992
841
210
477
424
360
181
77
469
498
152
185
645
170
650
700
800
431
850
543
419
509
282
475
860
478
382
803
160
786
583
960
544
319
787
726
185
305
721
2
914
420
852
908
63
735
9
241
363
956
613
51
439
88
103
518
120
494
439
232
878
807
662
39
992
702
929
979
833
880
741
375
179
933
440
751
393
699
701
32
245
687
835
442
355
736
210
189
311
789
168
412
893
676
376
404
892
381
228
753
23
251
186
83
948
758
757
134
655
443
95
373
560
287
455
227
759
406
891
556
367
733
662
672
226
345
109
566
366
206
303
711
875
113
781
263
388
211
447
881
471
170
173
42
583
796
923
856
140
19
57
851
503
410
56
838
409
661
241
1000
547
474
347
273
907
664
85
380
511
592
170
224
122
115
154
232
875
720
561
531
419
361
342
614
937
669
529
258
932
953
487
289
307
809
919
579
379
519
576
911
478
781
61
698
408
338
809
31
853
152
527
114
893
763
805
221
379
118
331
587
926
124
594
6
482
68
170
471
181
81
2
88
6
60
902
81
780
844
521
845
104
305
1
387
127
302
478
275
132
871
255
745
912
255
973
354
184
275
685
963
885
340
744
983
81
152
278
391
677
419
386
972
913
498
657
807
467
620
215
307
648
427
774
479
814
924
749
401
957
441
987
856
403
955
60
871
680
548
594
499
951
546
705
335
647
671
529
289
466
423
673
69
814
801
391
277
564
742
590
260
753
555
796
744
83
347
460
397
847
662
191
834
366
853
214
395
64
346
953
34
722
591
32
329
500
71
427
111
442
344
792
519
355
784
574
735
488
280
863
819
730
783
642
400
481
499
299
737
684
621
632
267
133
678
724
99
463
352
953
313
97
784
879
657
801
38
915
406
333
529
29
858
134
541
174
850
720
919
247
286
451
285
151
497
288
397
894
158
716
945
600
619
98
846
665
572
892
621
852
167
14
388
99
439
190
403
260
775
660
51
132
388
238
204
252
445
211
20
581
308
91
612
795
795
835
798
316
472
506
742
103
97
299
491
434
880
77
107
417
58
414
343
354
893
283
950
602
446
223
7
789
333
97
806
481
85
706
21
551
333
520
252
311
25
337
775
159
424
217
494
149
87
261
585
65
204
854
613
43
496
793
51
87
802
674
580
708
809
985
203
949
583
677
303
175
712
5
451
521
852
638
221
941
539
821
401
215
533
935
121
449
502
905
879
679
537
693
584
468
421
510
762
255
433
916
858
75
409
927
130
193
65
763
168
745
504
138
891
888
708
24
272
150
496
445
96
758
756
393
522
127
510
761
379
788
131
989
386
868
364
337
139
926
701
605
500
616
729
862
76
797
398
48
840
283
214
370
918
778
348
865
476
269
457
513
941
956
781
515
231
923
575
694
976
919
234
488
487
353
658
137
997
526
482
865
12
954
429
41
855
255
436
8
383
451
750
23
206
132
431
341
152
584
856
539
674
347
558
608
635
660
193
27
155
375
563
264
426
938
458
462
216
711
179
712
331
984
30
176
220
347
265
36
45
959
573
82
120
782
822
277
740
496
517
449
477
726
552
701
254
265
950
831
792
525
266
191
511
384
672
462
768
133
405
10
665
647
765
352
236
36
5
829
156
197
521
741
884
702
675
579
878
713
76
386
777
698
933
487
241
432
73
303
452
42
982
553
167
415
977
777
585
721
283
716
988
694
923
768
523
917
343
180
81
553
912
104
47
782
326
965
8
624
778
234
141
89
43
635
155
196
826
423
15
55
94
621
407
639
181
431
479
324
866
36
975
16
272
999
807
944
478
231
133
997
80
155
527
53
260
674
700
498
68
274
806
24
397
998
307
633
780
461
97
496
976
670
677
876
237
807
900
121
889
3
76
822
847
974
524
79
624
113
106
407
988
399
932
657
865
677
399
7
97
148
30
677
792
123
502
913
591
133
28
306
1
717
328
855
280
725
386
453
772
964
941
353
808
667
828
602
93
110
248
689
877
