377
374
199
637
595
157
699
525
203
997
66
567
461
93
203
508
874
117
341
646
827
114
150
968
663
299
712
392
299
870
504
724
282
20
696
945
348
581
7
133
551
95
615
500
387
564
263
123
537
21
615
256
193
579
827
268
77
459
143
566
311
125
97
952
334
757
308
818
78
178
578
338
291
159
899
945
859
356
960
413
763
404
191
304
502
297
774
493
895
590
63
154
927
411
821
753
354
320
911
731
799
43
333
836
239
984
242
856
807
868
572
974
146
98
2
697
229
491
631
920
372
194
558
198
910
602
371
308
930
518
185
466
386
185
851
367
57
813
384
964
275
824
234
398
683
7
443
506
105
11
756
788
544
791
493
89
777
491
593
489
901
484
616
892
605
115
484
802
117
502
245
912
839
720
91
214
718
330
600
543
386
508
54
407
380
723
690
317
265
789
671
887
716
400
570
871
9
372
696
320
387
704
953
747
431
521
474
378
49
854
777
886
330
320
547
768
764
685
488
545
2
305
112
841
748
804
68
356
723
700
612
165
611
966
119
524
651
858
923
12
997
415
347
764
579
984
238
271
446
392
892
758
28
266
137
145
341
343
641
837
328
437
910
784
378
978
979
340
646
352
681
687
79
545
196
115
819
315
662
365
565
143
410
640
673
275
892
723
243
704
847
786
374
804
835
22
245
195
219
815
900
342
958
171
108
518
98
138
388
26
174
671
91
389
753
508
202
66
58
613
805
683
480
524
33
941
796
694
489
632
505
570
401
191
291
603
136
670
594
608
580
218
441
296
287
66
445
875
857
38
214
371
97
984
757
441
30
618
86
512
696
876
361
86
101
52
858
239
558
298
336
582
540
676
98
929
189
294
935
196
2
842
941
288
350
482
538
663
287
887
500
88
246
308
495
126
621
585
924
449
609
640
978
728
897
633
376
35
548
554
30
703
516
314
996
943
294
942
620
617
600
854
102
686
390
147
959
111
109
446
510
755
656
625
627
162
552
928
451
471
638
360
45
941
195
287
836
350
356
69
29
958
503
960
707
755
960
882
636
972
222
68
463
54
818
84
634
385
471
303
475
597
783
878
791
703
531
450
137
264
805
578
461
323
955
58
686
732
729
358
276
999
454
344
46
567
575
857
805
279
271
509
792
449
440
593
81
764
223
283
335
815
258
564
409
464
41
269
629
556
156
264
713
598
158
412
579
964
414
41
157
575
18
123
396
630
827
725
567
883
134
227
608
728
426
8
803
525
326
733
86
765
826
127
736
579
948
814
413
735
687
38
12
868
248
759
531
509
553
32
706
389
830
159
292
118
508
187
110
518
828
572
945
501
738
228
653
640
686
203
833
768
603
770
845
849
518
420
724
837
575
620
606
966
913
111
404
428
420
785
73
442
2
778
153
569
225
439
556
914
231
894
749
766
911
661
800
215
978
169
285
709
258
425
261
83
66
958
505
940
286
833
448
328
59
424
870
487
726
753
438
168
550
95
347
850
714
393
154
2
455
341
649
836
906
80
868
347
565
373
434
70
79
979
367
203
625
574
652
294
887
609
45
551
91
172
277
686
31
68
305
858
444
441
592
518
610
421
128
1
622
582
591
706
915
267
717
872
903
47
753
71
776
202
725
735
965
330
654
37
547
162
538
621
108
564
254
232
201
657
939
77
690
721
505
447
610
328
463
98
632
652
547
978
52
89
732
518
356
749
949
87
235
389
983
355
900
924
961
206
272
575
340
401
995
226
716
936
86
130
760
49
38
495
11
502
635
193
920
400
15
9
133
22
820
218
470
615
872
480
201
782
698
595
26
511
471
628
942
623
343
600
682
733
55
443
777
454
85
967
415
427
863
194
935
31
900
641
187
113
464
954
535
403
778
463
790
21
349
720
339
502
485
502
355
157
643
5
426
783
478
805
540
434
333
11
81
975
837
793
570
742
141
246
874
431
242
39
833
709
694
219
127
24
54
165
344
149
502
133
678
347
148
780
938
45
954
750
633
8
268
175
338
918
393
551
734
742
984
622
917
489
774
1
811
528
714
796
717
564
621
454
650
994
743
639
440
140
434
201
357
757
217
867
432
133
829
8
325
185
934
166
801
371
28
867
730
307
105
13
541
699
214
523
848
338
113
843
317
814
491
282
533
546
33
377
268
813
164
442
706
908
61
823
930
503
519
779
439
201
531
21
913
506
884
870
238
760
841
51
428
737
6
518
79
355
371
473
666
286
194
439
326
934
82
947
823
573
378
969
305
344
340
843
890
677
777
32
693
456
