728
630
177
948
632
380
249
40
292
460
685
511
722
855
158
694
101
751
892
731
105
168
390
681
59
859
66
990
205
914
198
356
533
14
310
927
58
381
107
625
356
472
548
49
942
440
473
166
586
623
955
925
610
668
353
385
66
94
729
32
640
301
541
31
501
475
956
116
629
486
675
989
730
906
251
575
229
39
536
353
170
722
527
542
266
916
37
761
375
123
281
942
966
282
684
605
223
173
303
640
533
744
37
511
978
361
260
268
218
666
390
274
105
604
442
515
870
45
638
197
387
12
840
193
169
876
358
823
215
895
964
232
216
455
875
289
384
765
614
429
251
937
465
341
412
497
411
267
481
249
773
444
948
358
740
273
283
169
553
596
418
572
853
795
189
402
446
475
323
270
964
927
832
913
884
489
157
397
178
678
390
205
397
931
533
491
43
435
37
386
872
15
233
560
410
383
113
526
639
266
567
20
414
127
873
823
316
757
259
475
917
774
766
550
158
65
17
17
197
816
744
481
746
588
120
977
281
917
875
497
548
415
185
50
818
648
763
458
5
307
522
501
684
38
337
706
645
198
726
896
242
758
174
275
526
888
921
65
559
47
117
879
538
771
558
148
521
146
114
888
504
959
534
755
949
429
491
94
862
481
892
457
265
688
97
989
480
966
425
85
950
966
401
797
986
14
198
138
773
334
721
695
460
557
277
340
437
668
390
289
349
28
438
828
447
90
198
444
988
343
68
257
400
630
433
156
12
478
29
841
556
717
357
891
126
744
625
65
608
838
603
401
469
778
47
209
482
936
446
700
985
640
507
382
459
137
724
373
867
662
664
159
624
311
840
618
498
633
239
683
694
649
14
439
425
339
765
743
914
572
197
316
146
964
529
645
995
63
131
430
124
221
138
700
743
291
574
348
233
965
904
185
77
232
270
602
246
699
61
847
375
169
420
86
903
651
281
894
643
230
214
883
256
301
864
218
115
973
650
894
572
392
928
941
155
492
890
365
690
725
809
674
544
378
740
173
519
131
300
305
118
526
180
119
274
734
194
713
176
200
205
752
64
990
123
427
375
374
816
217
484
847
489
381
885
465
851
785
302
121
942
250
9
898
491
29
874
691
638
672
647
751
343
865
448
572
48
762
143
673
568
247
778
452
594
101
262
595
695
432
291
434
266
185
515
921
418
883
900
488
138
433
963
238
549
350
591
51
706
598
963
851
786
219
291
993
805
119
560
435
791
722
195
936
952
839
649
316
798
38
300
589
214
71
804
869
853
495
376
651
255
79
259
64
870
515
215
504
432
81
14
784
837
646
908
721
911
560
739
798
153
401
645
36
348
573
581
782
590
525
560
54
812
105
203
192
338
795
322
373
886
451
243
353
525
796
172
744
521
755
20
640
853
237
753
953
805
27
403
765
789
11
985
766
774
123
697
366
482
320
45
410
988
816
381
677
63
14
121
370
425
744
319
116
391
624
779
15
65
827
860
904
358
138
635
26
782
732
973
503
598
138
470
177
366
218
289
877
692
953
821
58
216
726
86
904
782
369
633
892
576
874
506
841
108
642
980
544
799
972
380
435
998
884
774
621
636
835
585
871
198
875
500
389
775
908
581
600
87
580
593
83
275
519
236
172
742
590
322
835
770
686
896
607
203
673
923
428
411
787
821
84
32
245
630
991
462
860
898
754
784
209
182
616
904
711
955
983
263
125
470
202
333
20
599
895
362
784
142
325
238
151
1000
710
935
763
512
852
724
637
689
270
464
626
502
491
505
15
528
749
627
853
499
20
635
712
701
311
493
889
152
794
466
798
553
942
985
527
991
846
758
111
772
495
753
31
72
574
471
929
554
486
105
231
435
533
199
885
616
328
765
281
223
958
56
75
739
555
353
541
408
661
100
883
634
996
522
326
535
807
867
121
562
856
109
806
497
793
363
216
732
261
772
776
237
759
570
625
980
2
575
924
464
300
14
26
560
732
713
964
940
487
681
981
752
526
262
364
441
758
589
792
818
164
758
71
150
624
986
344
590
442
376
11
933
19
972
827
532
666
454
387
781
544
992
781
573
187
463
870
356
184
503
771
612
400
627
319
425
395
286
496
930
285
321
891
885
880
54
887
184
770
643
415
485
96
916
310
108
108
258
183
580
983
324
367
181
3
385
921
350
168
944
213
887
137
70
939
287
663
942
421
991
912
757
660
680
668
761
719
449
802
947
821
207
829
182
281
758
376
630
742
211
436
306
775
889
664
655
859
414
971
378
372
493
739
901
49
503
116
