442
160
498
582
7
657
782
195
990
169
241
584
923
91
276
586
557
699
64
558
493
275
938
965
777
621
883
908
742
677
589
416
234
315
510
404
146
729
570
41
631
191
734
500
159
740
190
894
171
882
879
853
954
384
110
797
118
121
34
226
821
951
454
485
193
513
679
618
645
900
206
498
314
242
818
669
44
30
150
512
278
278
817
417
105
325
1000
504
368
27
706
731
741
329
160
542
396
640
638
236
129
577
44
577
878
596
665
606
625
354
70
542
511
864
46
520
988
279
667
536
767
232
518
927
252
441
56
629
227
727
77
68
950
682
863
495
818
421
129
484
341
365
495
913
963
883
42
732
670
215
997
530
534
373
819
68
399
517
231
773
663
777
478
634
294
176
327
674
974
429
962
199
930
244
642
71
788
266
322
995
967
200
728
730
911
142
328
473
713
46
2
434
221
454
198
848
959
113
921
653
585
716
760
913
521
781
896
478
612
666
538
489
122
735
71
118
41
897
808
575
940
360
499
619
791
864
242
769
317
674
426
617
65
741
219
3
897
537
501
977
556
789
850
133
811
262
43
919
924
833
828
224
912
911
949
893
119
174
231
586
912
769
900
691
603
978
955
492
969
983
643
376
265
367
901
569
583
585
510
398
855
597
734
222
453
153
129
512
54
105
988
753
593
765
845
114
802
937
687
319
937
186
8
896
418
851
495
837
322
906
59
906
418
994
47
137
538
439
511
151
988
544
96
710
7
509
541
828
815
940
965
833
412
111
262
630
977
267
924
895
592
561
164
496
90
964
163
106
760
907
384
75
109
144
891
421
357
363
380
666
836
212
715
467
118
743
672
273
35
425
372
955
876
322
617
858
473
445
550
547
722
8
363
267
758
584
374
188
781
531
924
674
410
346
782
384
604
134
493
750
867
835
980
1
535
520
113
703
167
853
370
247
712
797
950
340
458
576
694
711
707
334
269
880
720
329
658
572
500
346
532
810
117
755
732
189
991
647
4
922
827
208
618
578
95
226
715
234
213
986
40
264
30
77
250
947
25
200
854
160
977
797
612
727
782
801
108
643
440
322
607
214
868
740
122
111
441
637
950
284
132
111
431
56
991
77
984
718
453
773
187
805
908
286
582
428
389
337
598
759
765
417
730
97
914
24
680
356
578
671
840
499
133
780
160
760
126
783
81
334
250
496
302
149
416
847
298
941
468
811
608
166
107
596
585
988
168
777
863
47
896
576
679
21
284
575
639
410
907
518
508
22
485
292
430
85
511
888
899
993
348
549
450
150
722
389
399
862
616
394
522
922
183
648
672
34
124
388
477
269
177
806
663
451
443
610
383
520
702
409
152
735
192
191
546
905
680
335
716
870
868
227
231
492
59
97
614
636
229
263
519
596
235
993
827
349
368
301
431
704
807
273
620
632
20
706
308
88
504
355
859
337
604
788
32
168
600
957
634
422
453
873
20
626
95
677
570
696
615
707
119
721
530
664
380
765
327
146
760
567
966
994
972
433
190
60
604
377
657
88
762
628
63
327
802
591
306
6
541
200
214
152
712
224
614
317
230
863
287
401
643
831
817
217
450
425
775
993
916
725
505
551
105
221
598
96
112
283
401
139
68
511
561
550
422
166
746
831
500
635
719
494
908
33
172
945
29
672
518
226
418
572
373
542
424
370
772
303
391
460
669
834
941
215
319
104
499
225
447
187
35
85
342
924
871
356
572
128
892
438
937
114
684
937
480
430
104
863
532
53
504
917
970
153
219
778
7
555
257
353
618
196
157
858
397
232
969
998
951
220
351
674
129
426
182
439
852
893
471
761
170
807
472
845
627
915
3
103
783
725
226
51
959
555
186
451
472
742
7
828
450
504
728
540
111
92
717
397
513
851
51
653
899
11
310
92
860
541
304
26
425
658
342
3
386
509
644
308
175
202
8
327
370
755
404
895
233
874
872
930
858
444
259
186
956
100
14
380
530
334
304
947
303
535
502
810
610
476
650
855
1000
177
171
43
985
474
677
133
831
604
900
58
712
748
276
825
816
853
746
897
265
480
2
297
749
763
544
456
902
940
179
643
414
556
968
978
201
135
993
761
936
658
959
333
511
885
477
871
212
213
971
750
942
98
75
829
187
461
739
78
754
890
523
440
320
12
769
76
971
177
578
81
774
442
765
185
858
590
282
315
482
776
92
653
706
580
704
121
210
816
458
289
765
186
905
850
518
894
504
218
831
907
604
446
14
73
700
490
101
680
746
73
752
703
601
677
20
249
371
915
