928
14
478
793
946
637
954
32
903
171
242
208
78
17
216
678
812
360
414
428
52
405
876
494
647
192
30
685
664
37
100
668
365
232
943
158
411
949
726
675
335
886
323
424
628
820
720
632
63
16
702
468
443
52
754
719
938
50
797
425
686
621
973
538
212
858
435
158
121
125
244
373
468
464
117
820
896
351
431
631
390
4
460
806
147
810
126
605
241
625
52
628
551
946
891
445
312
570
273
678
387
573
200
208
985
830
126
604
600
534
104
548
984
664
470
502
153
392
218
522
932
677
305
435
44
619
521
777
432
232
145
597
538
593
399
384
539
853
360
192
313
604
655
241
364
169
458
808
923
885
365
625
48
136
897
209
319
647
686
669
610
406
682
176
691
173
293
473
626
766
486
498
79
627
204
788
981
181
210
196
34
497
937
18
965
620
847
679
218
456
786
92
941
791
428
122
544
174
838
526
423
339
411
795
666
282
601
194
891
823
925
864
789
215
483
523
513
543
494
51
789
281
863
287
618
90
959
186
445
291
875
338
704
201
772
773
714
808
18
742
808
997
976
506
95
240
192
89
644
585
882
545
365
811
57
719
807
406
22
196
401
458
343
461
219
167
617
763
900
500
471
461
744
503
666
942
677
322
889
950
418
974
859
305
22
144
655
162
560
555
256
746
374
919
67
255
434
613
137
564
422
584
840
185
170
255
526
498
170
157
268
976
143
297
160
225
65
561
673
683
585
228
817
965
607
515
406
667
402
464
341
872
58
651
16
309
770
531
640
526
687
922
182
282
752
991
130
975
694
144
103
525
301
167
443
466
713
815
106
460
43
874
473
502
48
500
679
973
203
885
124
326
897
565
428
277
53
174
286
708
289
597
641
979
88
1
558
665
101
361
886
647
513
887
1000
886
449
521
215
129
112
76
442
48
558
11
151
357
326
909
135
387
406
131
718
517
907
675
799
382
958
461
791
24
275
502
88
705
570
887
857
705
595
881
22
405
818
941
586
992
478
384
412
313
499
525
927
265
132
807
39
891
898
592
52
340
351
205
591
171
258
461
189
526
851
359
121
366
321
974
177
379
809
78
84
362
521
242
815
524
537
876
713
163
565
945
204
554
81
120
2
103
223
138
132
487
338
322
410
864
450
610
650
729
476
402
877
121
909
471
278
607
959
118
193
297
426
486
37
304
733
105
473
622
824
946
7
921
792
946
710
980
329
859
703
475
239
823
108
505
895
607
770
875
423
491
189
652
860
57
589
163
185
190
216
295
678
951
450
597
729
176
939
32
37
177
480
130
660
125
973
931
216
642
152
671
542
856
60
93
332
376
332
126
597
390
385
136
690
817
792
281
287
14
503
91
421
684
180
205
925
513
155
326
406
868
758
272
882
620
204
898
501
170
461
324
426
581
907
519
332
529
318
980
119
339
122
618
203
43
32
797
192
508
238
122
274
243
374
253
334
763
365
879
442
285
810
374
53
819
921
724
414
350
879
290
609
118
969
317
168
178
146
527
489
800
836
813
534
207
350
166
15
944
912
60
134
450
764
616
44
528
46
433
351
574
514
973
468
195
535
12
891
844
737
392
855
904
950
696
617
600
669
402
548
461
39
111
69
956
549
34
980
800
319
291
808
740
490
79
682
429
222
80
498
38
204
127
924
1
10
574
503
55
935
669
725
872
493
170
915
41
611
329
712
423
510
940
794
9
960
799
967
240
615
925
1000
774
268
408
307
326
898
560
75
823
158
520
143
423
437
135
10
491
143
789
863
45
488
794
700
850
53
706
329
91
279
82
535
436
347
764
233
335
607
69
434
204
105
968
50
992
783
619
484
312
320
476
591
2
834
730
517
76
296
504
475
208
824
338
927
856
959
329
167
926
943
845
802
119
585
677
225
799
416
659
330
764
927
506
373
26
798
794
798
37
911
833
425
661
182
17
680
924
920
884
547
883
811
291
805
130
216
930
325
480
414
35
598
705
691
19
450
936
816
521
933
472
214
696
956
808
959
560
753
30
756
951
381
336
140
74
945
222
320
869
606
822
470
536
879
883
759
409
904
120
842
542
501
564
785
965
322
395
298
941
565
594
660
466
941
529
559
966
264
602
424
499
930
249
899
690
139
520
473
57
579
193
723
764
452
313
737
237
592
151
586
681
323
90
240
869
73
817
408
410
135
554
805
878
510
990
998
809
635
302
508
356
679
721
700
749
591
503
634
271
356
802
57
205
897
528
909
828
936
130
481
179
12
622
590
488
586
664
479
407
108
854
461
870
