240
262
69
858
903
998
911
626
793
144
777
298
258
299
353
770
335
362
40
660
161
764
92
988
820
776
970
367
256
54
896
875
546
518
260
301
6
910
15
617
833
13
741
159
172
866
439
539
887
671
452
527
738
814
510
939
683
326
144
882
417
264
252
673
150
906
977
762
907
313
999
231
91
535
607
352
242
864
200
353
996
714
213
118
306
891
836
341
312
326
887
436
613
633
813
742
404
906
445
661
33
66
456
652
564
153
843
322
622
899
499
297
556
251
840
741
42
664
58
794
846
266
74
664
930
535
64
960
829
327
690
197
476
282
815
806
347
814
87
813
757
540
953
468
637
368
527
126
310
871
320
989
218
344
423
664
868
848
201
978
330
70
279
268
409
984
210
346
824
777
320
622
363
614
816
302
375
389
475
254
298
305
939
236
141
365
553
849
393
131
726
203
59
888
517
493
514
638
76
269
724
84
501
651
831
649
262
562
982
825
763
211
292
149
708
519
418
658
778
796
886
719
671
301
600
789
960
749
645
824
376
28
987
137
613
481
661
23
740
78
11
513
640
270
15
661
511
626
953
657
357
515
773
655
643
807
785
803
395
729
709
377
556
618
180
706
831
875
691
450
153
17
458
509
178
204
488
17
510
785
967
514
99
21
425
669
26
650
617
461
110
314
765
1000
957
292
509
262
858
265
395
98
184
973
899
319
810
185
412
757
613
141
456
32
747
553
222
521
755
182
22
979
901
682
207
874
521
906
225
230
470
663
233
192
941
289
753
677
925
315
274
887
112
123
670
76
334
324
371
368
188
164
155
279
766
92
314
508
321
663
103
831
692
826
568
771
354
465
734
246
524
97
714
730
375
626
935
406
124
288
348
544
228
463
138
214
797
495
78
188
331
282
67
303
545
773
901
534
265
410
880
763
550
839
492
609
965
70
315
997
173
221
532
124
108
291
642
444
477
18
95
973
914
495
555
632
991
327
956
244
638
314
355
89
655
40
419
166
240
387
922
975
621
562
873
793
523
928
529
288
738
146
202
202
529
577
891
716
838
897
320
309
458
6
762
55
268
892
30
805
808
844
60
909
386
314
716
45
459
384
845
649
907
617
753
681
12
921
180
12
104
981
65
340
15
967
113
203
322
255
38
410
338
431
197
227
500
860
290
39
532
893
26
408
172
268
656
637
298
250
555
24
238
29
773
847
779
165
108
307
943
235
669
416
611
931
496
245
403
345
205
798
836
201
34
200
375
782
211
60
932
187
155
936
452
596
334
554
489
614
229
522
310
519
824
221
278
425
272
689
45
988
630
113
653
450
444
194
571
716
631
309
814
31
274
831
910
983
846
231
581
112
51
47
686
978
989
936
83
846
610
706
147
72
391
479
614
853
333
946
147
590
169
246
180
589
802
42
424
236
339
106
204
667
608
280
311
74
642
469
653
512
464
437
145
216
343
12
298
542
869
808
721
348
298
897
703
678
709
506
622
79
240
923
147
298
185
715
349
1
89
901
120
417
692
274
170
412
352
432
306
441
383
817
954
495
566
94
959
160
649
407
163
65
467
602
610
107
289
917
139
486
694
650
686
590
948
268
713
535
219
660
874
895
296
542
578
661
886
368
590
161
142
497
898
761
441
208
583
792
577
226
327
233
47
401
231
222
925
239
745
749
892
530
653
841
228
880
778
23
56
887
697
789
110
185
509
268
514
527
804
54
780
319
749
566
624
678
970
690
348
611
429
847
8
99
175
764
237
610
647
932
156
305
642
735
637
253
99
702
675
697
271
899
414
230
124
32
62
143
784
855
904
761
610
716
660
925
730
118
242
406
857
602
406
641
523
888
152
937
534
508
211
515
804
674
106
846
233
931
964
151
751
137
627
586
492
845
90
707
854
528
918
573
222
44
742
729
136
499
144
957
215
443
80
540
796
446
765
351
545
570
276
97
833
707
519
59
879
899
509
440
233
38
649
148
406
252
518
614
140
663
908
412
874
931
876
168
707
975
154
578
582
168
64
161
263
383
250
39
259
539
428
335
729
686
899
439
741
193
40
105
73
357
673
342
296
520
748
423
387
304
254
420
123
464
277
22
969
553
304
917
423
767
663
89
245
592
420
218
222
916
135
82
690
1
297
737
21
719
771
563
595
666
171
783
404
816
574
234
120
434
868
52
210
610
904
214
719
732
551
400
884
755
104
146
204
660
189
803
877
14
263
187
961
326
746
463
35
158
297
106
292
526
918
712
671
884
812
783
509
488
685
927
497
914
287
345
77
951
